"V1","V2","V3","V4","V5","V6","V7","V8","V9","V10","V11","V12","V13","V14","V15","V16","V17","V18","V19","V20","V21","V22","V23","V24","V25","V26","V27","V28","V29","V30","V31","V32","V33","V34","V35","V36","V37","V38","V39","V40","V41","V42","V43","V44","V45","V46","V47","V48","V49","V50","V51","V52","V53","V54","V55","V56","V57","V58","V59","V60","V61","V62","V63","V64","V65","V66","V67","V68","V69","V70","V71","V72","V73","V74","V75","V76","V77","V78","V79","V80","V81","V82","V83","V84","V85","V86","V87","V88","V89","V90","V91","V92","V93","V94","V95","V96","V97","V98","V99","V100","V101","V102","V103","V104","V105","V106","V107","V108","V109","V110","V111","V112","V113","V114","V115","V116","V117","V118","V119","V120","V121","V122","V123","V124","V125","V126","V127","V128","V129","V130","V131","V132","V133","V134","V135","V136","V137","V138","V139","V140","V141","V142","V143","V144","V145","V146","V147","V148","V149","V150","V151","V152","V153","V154","V155","V156","V157","V158","V159","V160","V161","V162","V163"
102.279484382287,-0.154002741982063,-0.210391576078178,-0.0319037677111965,-0.0266874595828926,-0.00656561472121875,-0.00434077632261436,-0.582312090114806,-7.80741323108638,-10.6408334335803,0.000145343503490712,-0.0408056872129056,-0.00194769718066528,-0.0205087454276419,-0.0215566008142538,-0.026176485030591,-0.0305092348993016,-0.0279839106350482,-0.00502275399660655,-0.0377444090011938,-0.0417623364958197,0.0137687788667903,-0.007234880774356,-0.0245791260967808,-1.73486929940891,-0.0245923353392757,-0.0245270091866424,-0.042611202858072,-0.152808699459934,-0.0276751497873546,-1.26545867678017,-0.0145053885188002,-0.0107722942210815,-0.142449571909527,-0.0130324557195633,-0.0363242720348829,-0.00371024095681173,-0.0173131702085889,-0.007637392760639,-0.0487817104502748,0.001663896972044,-0.190222280942311,-0.0227702203748544,-0.0253867018024674,-0.298224496703161,47.4909894825268,-0.0668410189698031,-0.0016884485571798,-0.00243400081643338,-0.0245093564960746,-0.0523911426359912,-0.0103393392784675,-0.008854832631978,-0.0321376354923538,-0.0139420508514555,-0.53501340455624,-0.00686657739146987,0.0102846726473546,-2.9312740538944,-7.73183808308841,-0.0877383830849549,-0.146577953319296,-0.0275532481451978,-0.142449571909527,-0.000534950567272592,-0.649227131104393,-0.0178403553874649,-0.020655997210207,-0.0166128447194465,-0.0373682640520094,-0.0909879334649314,-0.00400502124392245,-0.108933369717841,-7.79368634423683,-0.0347271797613039,-0.0284954023195408,-0.00811160075482458,0.00106726997450519,-0.0166577045771391,-0.00548276619436145,0.0036774501898258,-0.0435232332720702,-0.22204070696566,-0.016291445888672,-0.00200646089567631,-0.00977152914979672,-5.6922747621775,-0.010114013197551,-0.018848986557513,-8.34615234652881,-0.168257021303498,-0.0164847006525596,-0.0480473638798018,-0.0175370567044393,-0.0211120213844695,-0.912583442597317,-0.00365931156348669,0.0109666057599916,50.0996738073493,-0.00488917709756246,-0.0876514067125014,-0.0458301665885872,-1.23760048036432,-0.978650351007982,-0.0874789758853428,0.00690823547033195,-0.00469077034350409,-0.0134296402911753,-0.00302823486707345,-0.0229843705961389,-0.0242146641301058,-0.00335060260937891,-5.85156691677124,-0.902866730657095,-0.00880959692310799,-0.290510885376929,0.0170073237327054,-0.0216475554312299,0.00223057787697996,-1.0321512466367,-6.1855284000568,-0.0140981726548545,-0.207727862751145,-0.0563746478547237,-0.00334043408547765,-0.028673032025455,0.00365527101197447,-0.0465893970778729,-0.334211273656839,0.0075302580460458,-0.197837666751097,-0.0750547640042006,-0.0218361555148298,-0.168257021303498,-0.0834079040013487,-0.0226664884586287,0.00033003644107306,-0.0627933197634776,-0.0155223721803638,-4.65238723565836,-0.106840991643451,-0.0172757110077298,-0.00611148398456179,-0.0275943274459708,-0.00496916497001485,-0.0178393250774103,-0.0947167264534348,0.00900917984205523,-0.0115599480575182,-0.242261639104847,-1.0321512466367,-0.0175537033986965,-0.0450122985950258,-0.00745713169507209,0.00400001290158699,-0.000442412994209287,0.0265429843748748,-0.0993083248262099,0.0088227994279002,-0.160388178467528,-0.0116352048938194,-0.00149621536306793,-0.00482498087245698
-0.154002741982063,1339.525128658,-1.37510855346982,-0.32794402102007,-0.145625195531199,-0.0582503055468058,-0.109568080044458,-12.2704904279603,79.8018342778985,-60.7738104286356,-0.128725370629784,-0.574121090948341,-0.675862798580594,-0.21427289043053,-0.0718474723528051,-0.0211543880861213,-0.179153740796469,-0.291923546494756,-0.05870630493007,-0.845865814802178,-0.183084440044757,-7.88744676244756,-0.0484481731805519,-0.189676006499286,-43.830907703023,-0.229383711126934,-0.0894763010838861,-0.492828608019554,-2.1749817363004,-0.17282683542757,1.30263004603761,-0.123297653676432,-0.0763105832274536,-5.56761029739611,-0.117923938296224,-0.345184779678104,-0.212010832709102,-0.0614321228668886,-0.0676641496020422,-0.634510884857355,-0.22901027794051,-1.84554350724398,-0.544181576397617,-0.257222659304514,-3.70176319880127,-1.67281263766689,-0.981913721519322,-0.0427894480795566,-0.0730330058057826,-0.197025980858111,-0.740854951350233,-0.124049941341039,-0.111092477994951,-0.88153554157412,-0.160100758557599,-6.76663418612327,-0.0644088494875403,-0.207696307694592,0.873742053343956,12.7951647145485,-0.375606902411445,-1.41530409244102,-0.518760412157882,-5.56761029739611,-0.0897835403843832,-13.2686191222486,-0.120418958267298,-0.182464363091814,-0.17201442554612,-0.344639911219662,-0.650310169369613,-0.130945827930742,-1.48634931644807,79.993081399901,-0.672848408373671,-0.520615058611893,-0.0894312009827053,-0.229807047067017,-0.101408833122895,-0.142518682278742,-0.130605715337073,-0.218366044487024,48.2115433162434,-0.213939725451017,-0.151391562860217,-0.160392245604565,-105.135248300948,-0.0350720482565439,-0.195109363710788,-21.6226500935024,-1.71374999894115,-0.0356874673085695,-7.70811920745631,-7.1284920971588,-0.0821598969297445,1325.08895517196,1.34910626755501,-0.217001585816277,-36.3673885306951,-0.111119300250994,-0.568959994152165,-0.631275051096032,-23.6786908128629,-18.9839642127963,-0.521665256739386,-0.247114669072139,-0.134045848018018,-0.282392596337795,-0.0941672854503365,-0.161361442180142,-0.0761536342488947,-0.0764701409345896,-9.89163025211809,-18.8223241435508,-0.240042920189782,-10.2072296813973,-0.308651158472553,-0.633203854550717,-0.171565376065081,-21.4930839601315,-16.7299229738137,-0.341586910842032,-2.05262654645573,-0.789452581293543,-0.165513651210811,-0.282111272513086,-0.0979448484580932,-0.730574900193573,-4.25692007389483,-0.154883903953238,-9.08265234992884,-0.945904503055464,-0.0787242908914549,-1.71374999894115,-8.3630077979928,1.27641635033687,-0.0752943873631585,-0.616362082308805,-0.120823280134404,-6.73411045846849,-0.801544186028198,-0.11363788463397,-0.0606419300321182,-0.440673736742297,-0.111865700354318,-0.125912583363063,-1.08088491012481,-0.233734130209321,-0.12878615427419,-3.00569739597247,-21.4930839601315,-0.12580538174655,-0.689384956543677,-0.0562223814611661,-0.207382910792923,-0.120208175230074,-0.196284519426113,-1.29527927097872,-0.14846388642621,-1.68326806592509,-0.15512602201968,-0.132504052919833,-0.110834469200937
-0.210391576078178,-1.37510855346982,817.696262712252,-0.260625279786724,-0.192140071099032,-0.039475021596261,-0.0284272926117321,-4.59998364454465,18.056994568544,25.0005982405878,-0.0274389519113584,1.15927039871634,-0.103576288295972,-0.174147714736554,-0.157966427154721,-0.165085889740174,-0.219394626460106,-0.248757943795504,-0.0343697173237586,-0.335433184644159,-0.27467772069083,0.0574083256912339,-0.0452855456510987,-0.177954503254258,-26.2566265000514,-0.206583799369751,-0.180518525195546,-0.322757616217215,-1.27690974753522,-0.20808582054817,-10.5977280192485,-0.0808841076350821,-0.0714293100024134,-1.12034495484711,-0.11048512778611,-0.304683604995355,-0.057244740900441,-0.111982565810893,-0.0647733692330906,-0.393494814446205,-0.041762764302053,-1.45098956022887,-0.202931343133884,-0.20197840220594,-2.36429717492191,-42.2136169780306,-0.530157975405787,-0.00731849589462647,-0.0137685105979109,-0.185005194162601,-0.465152853510198,-0.0937878780344906,-0.081786102006453,-0.237641720974501,-0.0904665668594372,-4.32137099203878,-0.0420316170060882,0.0637624673410064,-30.0234809473525,-26.270217670964,-0.591366826427874,-8.05161550058895,-0.187233415568137,-1.12034495484711,-0.0027015298860858,-5.145354852996,-0.109521387290432,-0.176199180119602,-0.103411647744374,-0.309558604267481,-0.664295166166553,-0.0504912781451719,-0.880801102373816,18.1583693268351,-0.298377495283432,-0.195216042323005,-0.0737408870156446,-0.0376896468131466,-0.134483760951389,-0.0484521972416084,-0.00224369676265012,-0.318943606466276,-1.85240925914621,-0.138650218757503,-0.0429850547202588,-0.0809154008722405,-70.8162787974391,-0.0594793830746586,-0.150913860673071,-11.1737333395713,-8.86518317920006,-0.10097308851088,-0.406962794279172,-0.138413533156232,-0.122881855833653,-7.38333847904828,-0.043338149603509,0.0488153377501844,-12.272349961064,-0.0553565563344986,-0.650622112053235,-0.379712087589039,-14.0439584473875,-7.43145866894544,0.994566772865291,0.0152816977603426,-0.0441345695867466,-0.0895615846072007,-0.0385674483289235,-0.169611314746189,-0.177016645607707,-0.0376891533103651,-7.51143724687161,-7.1789683654477,-0.110088242772839,-2.23466178664347,0.0823912118963681,-0.195104012743294,-0.0223587985682383,32.6244687146469,-3.3413498630089,-0.150866372335473,-8.6741905513372,-0.474498003506785,-0.0359504189213172,-0.245897812012289,0.0276430530038565,-5.3293199829008,-9.50450270647864,0.0222596702741139,-1.54073011110993,-0.595442223164664,-0.163723656658298,-8.86518317920006,-0.7535578094553,-0.254711626250812,0.00255012129796154,-0.407219712426116,-0.111308944687062,-66.3132898789623,490.28242864026,-0.101700545246066,-0.0373871326899195,59.2027492604778,-0.0533750046251361,-0.146791658955017,-0.805929322150255,0.0314280334684729,-0.105379617601687,-1.91614695011443,32.6244687146469,-0.129046613558444,-0.328627348440516,-0.0450024029389631,-0.00663918358917862,-0.0114162508156216,0.132201716106556,-0.812272265913177,0.0263610422394992,-7.38508506583178,-0.100845962287627,-0.0416405707384446,-0.0266016655541091
-0.0319037677111965,-0.32794402102007,-0.260625279786724,159.827609427724,-0.0294965996143708,-0.00547800272220366,-0.0071043248514383,-0.891878296091234,-1.44945173674042,-5.41390549757518,-0.0143652476937629,-0.0729114948786364,-0.0576139939890121,-0.0354902767314429,-0.023021485917873,-0.0164273184505829,-0.034113704242765,-0.0521658056255082,-0.00613471727612276,-0.0874908138464551,-0.0356876751369756,-0.0149962512676475,-0.00604175723236937,-0.0296101558937384,-15.2600735766153,-0.0407556488776667,-0.0267519152353281,-0.062365110507882,-0.279423628976045,-0.0343966871861354,-2.37340438282376,-0.00976294542286485,-0.0105043547183647,-0.208206144728774,-0.0218001725031416,-0.0602876359711764,-0.0216798081141783,-0.0136084157276924,-0.0127295139275631,-0.0821614359472517,-0.0253284923336677,-0.268377116947126,-0.0542607062680533,-0.0390425510161866,1.01432772984173,-5.66996649775304,-0.113808041513557,-0.00150844797535966,-0.0036910876823351,-0.032374604116886,-0.104847612385424,-0.020522117735806,-0.0182537500654881,-0.0644356050817381,-0.0152549573209959,0.600217760986978,-0.00611355579811954,-0.00211512614216616,-14.68128249103,-3.43486720269611,-0.0794566334534062,-0.177098829483098,-0.040678119077945,-0.208206144728774,-0.00350021981243089,-1.04665340453172,-0.0142099105551194,-0.0347496867577709,-0.0159860079023735,-0.060313507671457,-0.109512275329494,-0.0158733691383895,-0.186815631027539,-1.42900518295527,-0.0730412895769227,-0.0419993701495706,-0.0158551250991002,-0.0230712887191401,-0.0237202827167138,-0.0133625921178347,-0.0113433984116943,-0.0492651498359117,-0.413459878950411,-0.0299576405468094,-0.0171763663417558,-0.01842789792606,-25.2389610126779,-0.0059153149365748,-0.0294652830130504,-1.33381336144726,-0.255443505806387,-0.0101852388701527,-0.0898329895091421,-0.0239378917178827,-0.0122570123053295,-1.52335000499831,-0.0145927633407125,-0.00855488295885725,-0.272230406073833,-0.0154088070503863,-0.10691928300309,-0.0819069194488547,-2.06177438338349,-1.44349544231474,-0.0921721006136709,-0.014798546312245,-0.0127967466858136,-0.0203755697559734,-0.0119499717268302,-0.0281619741940761,-0.025542965478568,-0.010488501270108,-1.42848290826675,-1.42356688463411,-0.0327655102628822,-0.410530579994005,-0.00995295759819981,-0.0567173669379578,-0.0174693688982555,-1.81178099914857,-7.7802967833151,-0.0422811976513506,-0.31771847814307,-0.103747016222958,-0.0132970841056558,-0.0497735748301217,1.30316856692177e-05,-0.106635060575462,-0.487884812568811,-0.0098959938061114,-0.295204651407986,-0.121892760970667,-0.0247968648287862,-0.255443505806387,-0.177490160694217,-0.0844072838965215,-0.002502650450736,-0.0646543000599309,-0.0183766381281255,-7.66256431311894,-0.136327614275695,-0.0121783765195825,-0.00555956093676115,-0.0633756473835068,-0.0146461795936815,-0.0269938123123639,-0.167929523032549,-0.0120595059189338,-0.0227440865649872,-0.389679089321883,-1.81178099914857,-0.0214403470888466,-0.0681300491844763,-0.00590108413866492,-0.0162341171428486,-0.00773670171045559,-0.00348060327274183,-0.171177971364478,-0.0102472438290567,-0.226852425198136,-0.0220990918423107,-0.0167869840702883,-0.00579527172211681
-0.0266874595828926,-0.145625195531199,-0.192140071099032,-0.0294965996143708,111.036745121842,-0.00605617596093768,-0.00423053662689866,-0.5389070096733,58.7255543555532,-2.89995455387692,-0.000253765488653966,-0.0382219758108542,-0.00381840369867992,-0.0189651551521785,-0.0194673871599006,-0.0234560929406927,-0.0278068282214557,-0.0258638780204845,-0.00467400857831891,-0.0363431264780468,-0.0378912325482385,0.011205674039158,-0.00662076550791693,-0.0225468871999044,-1.61708809276532,-0.0226550206058039,-0.0221739628986289,-0.0396011080766944,-0.143196024371227,-0.0252469614702585,-1.19020923061796,-0.0133695228183089,-0.00986692835637676,-0.131131219158492,-0.0119929503376769,-0.0334838011023197,-0.00396110391664889,-0.0156637886754221,-0.00702353141119422,-0.0455358223201886,0.000806158688712975,-0.175630216084934,-0.0220335301849295,-0.0234652292789599,-0.277855090685988,-8.26111058185668,-0.0627663187905028,-0.0016502730257078,-0.00241199341767474,-0.0224999287386274,-0.049049355343739,-0.00960617219637383,-0.00824095767121679,-0.0315180716143082,-0.0129702898606547,-0.498787398898902,-0.00634420612427117,0.00852043334192071,-2.72812242927748,-1.85235725092424,-0.079560564062211,-0.135408937907803,-0.0262760045640559,-0.131131219158492,-0.00076826101548342,-0.604777571306295,-0.0163314754781978,-0.0189928894788531,-0.0153993152158869,-0.0344167175784827,-0.0832915788273027,-0.00397261788771514,-0.101906652467606,58.7384192187181,-0.0331093800805974,-0.027121502922066,-0.00751077754065004,0.000261812770950179,-0.0151774734577716,-0.0053428833682921,0.00289275239801687,-0.0395414672393607,-0.208795000585549,-0.0152059476048397,-0.00224723842975064,-0.00922638233886382,-5.332804824285,-0.00915444756726521,-0.0174345986751823,-0.759532575897408,-0.155562847034252,-0.0148469794781441,-0.0450298506368309,-0.0159851591415487,-0.0191393039885882,-0.850042030793311,-0.00372053744847408,0.0091211018215566,-1.39465624175902,-0.00469943279019927,-0.080039951714946,-0.0428829048051471,-1.15153445236186,-0.909909010774926,-0.0797756940372235,0.00540678354508232,-0.00460718228244831,-0.012904272990641,-0.00298768454611454,-0.0210288031194762,-0.021853629412552,-0.0032218723565263,-0.89479141049864,-0.837635571257464,-0.00858463452452691,-0.267725342291073,0.0142277483954776,-0.0213183917594111,0.00148013674001281,-0.96500798205246,-14.6529086483421,-0.0136290390984997,-0.191836516872306,-0.0527827552403705,-0.00350181398944923,-0.0264559507673891,0.0029448956875665,-0.0438139420215785,-0.311918081289462,0.0062565904328411,-0.183085514380328,-0.0699739278325809,-0.0197348991557357,-0.155562847034252,-0.0785980480442303,-0.0229462917396416,5.1531574008675e-05,-0.0580791834990977,-0.0142434999764201,-4.3355307442121,-0.0979052638930121,-0.0158098488034954,-0.0056572747419956,-0.0259764216466855,-0.00477606955567032,-0.0163068422923984,-0.0878804671872258,0.00732384477708078,-0.0107076946605324,-0.225715033209395,-0.96500798205246,-0.0160690224849717,-0.0423906132830256,-0.00684628410231758,0.00294049136701606,-0.000773366970492769,0.0231214236964944,-0.0926994734332654,0.00743664173119667,-0.148508882355974,-0.0108654467035326,-0.00172835554547653,-0.0046726652644613
-0.00656561472121875,-0.0582503055468058,-0.039475021596261,-0.00547800272220366,-0.00605617596093768,51.5877856274875,-0.00944276561251872,-0.182936931815729,-0.454616624821043,-1.27154834627236,0.00266669461068233,-0.0182809770979277,-0.0135861800258476,-0.000702506954221548,0.00020922414209926,-0.00682302160011594,-0.0080983030011327,0.00431197843269957,-0.00458064106037486,-0.031762707544435,-0.0179746070850024,-0.0125705873216709,-0.00558359178612908,-0.00972316003119741,-7.80514142955457,0.000392900842385211,-3.46879103747611e-05,-0.023775577434592,-0.0629634646918501,-0.00393931617296514,-0.623318341939695,-0.0180240400611477,-0.00677947382072472,-0.0289029395930244,0.000983845313087301,-0.000161285139585874,-0.0024142207642388,-0.00713816827102909,0.000708515861647172,-0.0217780606400692,0.00586687439002153,-0.071932203515715,-0.0217061241172713,-0.00659084165738428,-0.137835406547936,-1.50593845659717,-0.043415677512775,-0.0054442773238464,-0.00727800077327684,-0.00679959273531831,-0.00832756202579705,0.00113153285880588,0.0012541994128138,-0.0629788226304702,-0.0147975770743089,-0.220193560665573,-0.00727502326730411,-0.0147363698784421,-1.00978011796423,-0.900331381579667,-0.030293721507238,-0.0958791787587392,-0.0420747649884873,-0.0289029395930244,-0.00787361338490787,-0.298070938844455,-0.0148566424685164,0.00243751576241258,-0.0181358490411669,-0.00112131673020479,-0.0290877496652365,0.000211540203936266,-0.0534117875240074,-0.443038865954922,-0.0252860525390483,-0.0414520296373218,0.00161839366172923,0.00200276073574122,0.00218690371152049,-0.00637337590893699,0.00182222415280699,-0.00566073659522084,-0.111413390619955,-0.00404135796215888,0.00129672245764895,-0.00614240837611686,-2.59715197174209,-0.00689316136137084,-0.00478980800318637,-0.581991763245738,-0.0495238206931923,-0.00755889449078387,-0.0175132293180096,0.000736817945927813,-0.0157313671137794,-0.350859297837881,-0.00337852928920855,-0.00633133686244796,-4.54932671573854,0.00135243972765032,-0.0182247378379208,-0.0186674710453898,-0.430278407958022,-0.547879725634127,-0.0321637056143645,-0.00588604329426198,-0.00519837360413297,-0.0237581118872027,0.000745478742553312,-0.0062580245876495,0.000411883134915932,0.000784160792957716,-0.346082160020505,-0.316237908652199,0.00399178700218299,-0.0887308540105403,-0.0106466097483508,-0.0292308691736568,0.00330642730804836,-0.43067339880022,-2.93768169765813,-0.00197304161595149,-0.0492848008515546,-0.0205480178199809,-0.00739357651093085,0.001606672517236,-0.00958157129313852,0.00150627172275033,-0.241442796913719,0.000455937697578162,-0.0717605853542906,-0.0356795000758316,0.0014612533636228,-0.0495238206931923,-0.0206479523631427,-0.0244283543073584,-0.00640760040154838,-0.0580613690713008,-0.00673135748338837,-9.02030442037725,-0.0285356187111922,-0.0161862832116255,-0.00676084630203793,0.000112288495981415,0.000106679936480256,0.00220581588816567,-0.0100473958576325,-0.00572966693672868,0.00233195570894585,-0.113958645933697,-0.43067339880022,-0.00522281564577743,-0.0449171054324821,-0.00706383253104401,-0.00146796691305358,-0.00601188426547017,0.00538167191738934,-0.0393637910337355,0.00314255675648531,-0.0771430862726302,-0.00222310061158656,0.00384403302067504,-0.0119346903076309
-0.00434077632261436,-0.109568080044458,-0.0284272926117321,-0.0071043248514383,-0.00423053662689866,-0.00944276561251872,49.4952903464419,-0.249176559628072,-0.745871274328142,-2.00651048757932,-8.75608077880387e-05,-0.0294290177789714,-0.0382590240909466,-0.00071750973958714,0.00507620196263909,-0.001814915182818,-0.00685506693879065,0.00642122141982605,-0.00653756513148205,-0.0572804023308389,-0.0172150596955712,-0.0322971554332254,-0.00693490242564697,-0.0113372630166189,-1.18408411409678,0.00167981127208445,0.00516654342773741,-0.0341665740630343,-0.103238305873156,-0.00174630208022482,-1.03765346691067,-0.0242438343469755,-0.00829794251323845,-0.0323186018591637,0.00208402866283858,0.00125468659673166,-0.00842097307103956,-0.00627270273286094,0.00144859345479004,-0.0335531003879801,0.000968418009609862,-0.0941764397762715,-0.0391170107912112,-0.00867167844212278,-0.206503292359332,-2.39800070834825,-0.0683039018080518,-0.00834682052760653,-0.0115663477388246,-0.00747771586898059,-0.0166688568803942,0.00125016381658358,0.00132782924224067,-0.103871882652472,-0.0209821401368345,-0.336197179891713,-0.00989184727271771,-0.0300391889670991,-1.52559451810784,-6.66148937474572,-0.0254333579889758,-0.129064348476064,-0.0653898169511588,-0.0323186018591637,-0.0135000079313843,-0.445778192678904,-0.0186537306546279,0.00466428169726462,-0.0251568125294821,0.000258903198885037,-0.0307679451895908,-0.00226689138254005,-0.0836640755207256,-0.728418883212521,-0.0440886756822712,-0.0642702243190955,0.00223650907105448,-0.0042800773157093,0.00541405549875818,-0.0113634234297063,-0.00245562280770396,-0.000428891772990113,-0.184478407923437,-0.00673573272855866,-0.00198507175246497,-0.0101931849762971,-7.57686766978092,-0.00745720992672764,-0.00641429890375018,-0.905110911082938,-0.0659232595095793,-0.00637153670502956,-0.0293601194362269,0.00347878024148383,-0.0177106422580793,-0.532096268365138,-0.00787588424403593,-0.018750053894137,-0.85482674200125,0.000196846739069666,-0.0142213294604407,-0.0300420369473851,-0.646699335291386,-0.79101494717623,-0.032424699443614,-0.0177123665387349,-0.0097210638349198,-0.0372946785956922,-0.000751212597993352,-0.006159313245416,0.00608366650766455,-7.44388174372566e-05,-0.466090025317668,-0.451326242125762,0.00136502977266256,-0.10985457506736,-0.0294198968074714,-0.0526356734188214,-0.00111515822367192,-4.08087574133737,-9.68393114463965,-0.00828507547041368,-0.0629163278024784,-0.0339497510783419,-0.0141532607465355,0.0031378815361714,-0.0174731004324951,-0.00443911730104583,-0.356507968035003,-0.00631506270985491,-0.0978503503184874,-0.0537779365700782,0.00671853157636017,-0.0659232595095793,-0.0416722722636972,-0.0526477424348578,-0.0112965043070836,-0.0793945050810577,-0.00801847361313502,-3.02247352127298,-0.029365005997398,-0.0204987974039289,-0.00930202781234099,-0.00395602243176398,-0.00154552003000905,0.00509905007643635,-0.015528560947445,-0.0177721204848015,0.00318387032826964,-0.170497716648545,-4.08087574133737,-0.00540093056001467,-0.0688002327884125,-0.00916672680001439,-0.00942397121665281,-0.0118133354956441,-0.00670524373740725,-0.0614432229893503,-0.00277434602801719,-0.106254843507151,-0.00394953192375374,0.00197648372963076,-0.0184382711452771
-0.582312090114806,-12.2704904279603,-4.59998364454465,-0.891878296091234,-0.5389070096733,-0.182936931815729,-0.249176559628072,3339.16360547418,-46.2237894161549,-40.0265953504488,-0.202692879134054,-1.42187058825142,-1.16127740914873,-0.572040235608522,-0.347735237311714,-0.331475069202663,-0.63973743084707,-0.766803676072842,-0.161175220790614,-1.867447942675,-0.790908309379733,-0.457091423128695,-0.170510691162114,-0.597547991875572,-91.7193002738403,-0.63776639701329,-0.408982340382933,-1.32159760042973,-10.5954047992919,-0.588800373638218,-3.13589485989251,-0.401558206702991,-0.256931785551437,-3.67903985266644,-0.330109901241465,-0.954282782800026,-0.392873370064696,-0.303413092409154,-0.190765553683071,-6.49875675233812,-0.342801402851436,-5.23479207363797,-1.18836948749189,-8.24645525646732,41.1212978715053,-65.9122593052721,-9.96761448233696,-0.101571863939792,-0.163603258111948,-0.60162710164114,-1.79431576305564,-0.310971857355413,-0.27356853468821,-1.94290453170335,-0.447848932913538,29.9680878222807,-0.196884239715329,-0.266509242811308,-99.4427185714751,-85.7216296210729,0.522038655756282,-9.87353632532574,50.3466552728572,-3.67903985266644,-0.172193473443882,-20.8235055422019,-0.424701980595544,-0.513772982724212,-0.504164652735506,-0.966925813142734,-2.11008631595434,-0.256780639475499,-8.97468835973078,-38.7143590089888,-1.53582879411649,-1.25972429102846,-0.229243304392886,-0.360020843908366,-0.33887096131592,-0.307786157538598,-0.170074694365228,-0.837149805708613,-6.69505088959412,-0.534621201517602,-0.266211955692948,-0.382364319426562,-305.423969490469,-0.182630550274077,-0.532983950572196,-70.0285702826397,-4.72870894159658,-0.253424749931114,-1.68280859445677,-0.362120864459464,-0.399194576761642,-35.3308049779301,-0.287978304704208,-0.25372009327714,-73.8603667585332,-0.230951560467153,-1.91436321525905,-6.81355348276712,53.233345614411,-45.7336865498354,-1.86944669894891,-0.345350994965918,-0.282539090268358,-0.66476278462498,-0.18477940804885,-0.525567757810939,-0.382719823064703,-0.159147822580126,-45.0682187159378,24.6000540839783,-0.477525945042956,66.1149230017582,-0.349854907826154,-1.34072486829893,-0.248973306253363,-23.1299073754439,-154.351948090457,-0.715118781757681,53.7609023391541,-1.94666596984042,-0.325048688722685,-0.764778252190449,-0.144952934944633,-1.69116100832874,-16.8936487988326,-0.171996601211386,45.9247278848473,-2.44004319112548,-0.358899601752643,-4.72870894159658,-3.14135069159318,-1.73417855888815,-0.135594222742511,-1.82438042915938,-0.380525016789279,-158.484620485397,-2.52598695637187,-0.410836437531614,-0.181369480996304,-1.01661989547735,-0.236102864889316,-0.391595688883661,-2.80819379333481,-0.300577885950902,-0.328823617104682,35.3814537423599,-23.1299073754439,-0.406691244340285,-1.7213562650722,-0.189272302507619,-0.300486818023201,-0.216440223123867,-0.0242815788089967,-3.28076541484982,-0.141028433525066,-4.6627529141512,-0.384005223748771,-0.223536028756271,-0.262577458450344
-7.80741323108638,79.8018342778985,18.056994568544,-1.44945173674042,58.7255543555532,-0.454616624821043,-0.745871274328142,-46.2237894161549,6415.39679847087,-30.2086415356599,-0.432908659217267,-1.35407813422724,-3.17565801916856,-0.85301107363765,-0.245408571330306,-0.263633446918278,-0.936629752791417,-0.988730559238323,-0.379113269544856,-4.39746529554011,-1.2574882430926,-9.94500645993243,-0.366721948570183,-1.04311220203952,-152.933814665239,-0.870835239672171,-0.319439553561058,-7.5829923496783,-25.7058822467572,-0.779257485392658,-61.9474157285934,-8.08648246903727,-0.512434217947571,-5.84257339914681,-0.421278482021939,-1.33642801588596,-0.929905923668763,-0.452510629414039,-0.23670860937291,-3.19507665239971,-0.735727684569688,-13.0909159646785,-2.87359087906648,-1.21170184236294,57.5923502869807,-134.049740144456,-5.27927187114535,-0.349080308857982,-0.530341780226363,-0.976775971868242,-3.17612504104608,-7.46676592831925,-0.392162788406536,-5.57845201733329,-1.10930574753116,31.5317181482545,-0.48753538982062,-1.34257660796809,-231.585973775,-189.758856244123,-2.35963197650035,-8.61594065694667,-3.43239567703972,-5.84257339914681,-0.621010044775206,-71.5350007199442,-4.34152080996848,-0.620871725550647,-1.26255377749282,-1.36395828949372,-8.30873743867497,-0.515302559127987,-7.57278487378161,6315.4213229493,-1.33989578152881,-3.41774042726283,-0.293931982827641,-0.865004412280895,-0.308524545482069,-0.776084240194481,-0.474540674771041,-0.991927567181301,-43.9664478616188,-0.968961443007756,-0.565794328608805,-0.833149833859999,-403.255180664365,-0.350631942844871,-0.912933539518224,-29.1912236372492,63.165535561464,-0.363743899957638,-8.15353870844526,-0.380010025558156,-0.812256398153033,16.8871723736047,18.9597413198715,-6.34829142593155,-88.5182876411662,-0.396058366029823,-2.74440299485938,-0.93446272774588,-0.401462125865605,-73.7016980318745,-3.01204734697355,-1.20481429749395,-0.704582252327838,-11.1435140699205,-0.350789617968076,-0.817485679708968,-0.251445211067337,-0.277405722076053,-82.3894377760262,-32.8193904042267,-0.823472064626106,15.4364829727026,-1.62805146617119,107.578051541665,-0.58873614633556,-84.4662794412175,-27.165193121255,-1.42082007697937,-9.55135064440734,-8.06268167507521,-0.906393286155438,-1.03683692417647,-0.717602517371073,-2.82134796962759,-29.4435259649692,-0.62444916605489,-15.2294794177716,-4.86468174644134,-0.2315273297073,63.165535561464,-5.95742833171377,-4.29668377398389,-0.515743291592211,-4.2904665099943,-0.682387252759317,-188.130059427355,-3.98984422374295,-0.961261010296964,-0.456729939213522,-1.72889481740276,-0.439913951662092,-0.404867715127908,-7.92994782634709,-1.14929773022229,-0.423448586472963,-45.1414282188724,-84.4662794412175,-0.649308036022743,-4.18474633024119,-0.446449080227034,-0.893716427373481,-0.682923287822797,-0.663427906723833,86.7743363349235,-0.512406313556731,-16.5957813077097,-0.67963517316925,-0.406549551115951,-0.832106651085043
-10.6408334335803,-60.7738104286356,25.0005982405878,-5.41390549757518,-2.89995455387692,-1.27154834627236,-2.00651048757932,-40.0265953504488,-30.2086415356599,20518.0603855148,50.0260456487499,-29.7168733986511,15.3526308780791,-3.39215463177037,50.0986541034031,-1.28023478330304,48.0565298814937,-4.3725621910086,-1.12215056747855,3.35656565386002,-9.59328034155555,-4.86081381658186,-1.09157674740693,-3.60080728593201,-212.242346424023,-3.64528974988136,-1.81725805604307,-8.73538631190116,-40.1908855350288,-3.18410815613173,-174.504895895758,-2.85786938651237,-1.60759799339766,-34.1250913588365,-1.84699778178723,-10.3876273009645,56.4573721349307,-1.59747750187672,-1.05709149551837,-17.6911411659916,-7.58532110696801,5.94871001452914,-16.3390009418731,-4.36463299715264,-59.7076728273476,-443.758568477038,-22.9238399793677,-5.7508047001445,-1.37224219494112,47.1567243347115,35.1815787003586,48.8628641728808,-9.72783721863138,146.409979743047,-1.68002404432283,-137.026062201665,-1.37296134402865,-3.17443039686823,-174.097254991262,-291.732016958192,-14.8393691399967,-54.5744194272446,-8.06030149381589,-34.1250913588365,-8.59326835498632,-88.0459162112904,-2.75588596489394,-2.82714703609544,-3.56071264673974,-3.9629450205361,-26.0293900621257,-1.82193592763777,-28.9717349464199,-26.779900098286,-21.1065420523752,-17.1129321014121,-1.31349382167114,-2.91057137050475,-1.66573765347266,-11.5045342255527,-1.54224854829881,-4.27690924532339,-46.6078291844707,-8.32108703819675,56.462488119045,-2.66126632088162,-1249.10694884783,-1.05165468459397,55.1608935595642,-104.390835530121,-38.8214623781042,-1.25620085684506,-14.5433847262868,-1.84002795447974,-2.37706094972979,-109.845804932402,47.3171848518725,-2.88082699903687,-279.116461522873,-1.52899367555843,-10.6422649613582,-8.25323227897413,-300.78343715382,-215.343450034095,-16.0897004931043,-3.36216823217326,-2.13727069637681,-5.2019727387738,-4.68347761839249,55.4296698453995,57.8540884254909,-1.05881424664944,-151.674934313484,-170.413391521975,41.3671240503751,1380.36464860139,-4.1389428467029,7.64288192611118,-2.04989090765924,-173.836909162429,-939.801681356392,-2.81654238810115,9.60382623527858,-20.3908627774119,-2.62182488428162,-4.38923502936374,-1.65278930951124,-12.0144678655679,-123.081097179652,-1.82782953718256,-44.0192972845363,-22.4540703314772,-1.53474363996304,-38.8214623781042,51.8274142621346,-13.2815724284177,-5.29007216813465,12.0272685256511,-5.09889853142697,-721.420063644534,32.0129151999422,-2.71485830468665,-1.27930923716239,-6.52508086414961,-1.60002032950921,0.28981265390245,-31.6498779374454,-3.12377950657266,-1.8883058658878,-86.7144600975989,-173.836909162429,-2.36248513481913,-21.8339148412321,-1.27016893012201,-6.10096900604662,-1.88330185114568,-1.64862887957649,-27.4648198907662,-9.11954987952207,17.4021242000996,-7.69740534458208,-1.60524470844349,-2.15398384424521
0.000145343503490712,-0.128725370629784,-0.0274389519113584,-0.0143652476937629,-0.000253765488653966,0.00266669461068233,-8.75608077880387e-05,-0.202692879134054,-0.432908659217267,50.0260456487499,51.5820134856223,-0.0217279574834548,-0.0436591647611615,-0.0118477402321022,-0.000670065388933468,0.0104504410025792,-0.000357537509530684,-0.0204853384872133,0.000231673244750444,-0.0336154795240328,0.0102965073606568,-0.0217356412038845,0.00245413705055452,-0.0013593423649121,-0.702820726038733,-0.0129701852244935,-0.0011701966160583,-0.0100748553848336,-0.0879580084555443,-0.0039850781995219,-0.755519556418465,0.00842117490798961,0.00204409771418738,-0.0447527207077117,-0.00721659368950314,-0.0190668323048556,-0.014447575472158,0.00519489828161059,-0.004219989202608,-0.0217914014607765,-0.0240282216121696,-0.044199882327516,-0.0209532444294081,-0.00928050729699771,-0.114813654403785,-1.62761224749359,-0.0278565479118999,0.0014159346518259,0.000639963212724109,-0.00439527944504453,-0.0407186720971323,-0.00851389283214826,-0.00792479088384903,-0.0121400065964339,0.00259833833581386,-0.238656447368185,0.00245231022102462,-0.00740890730544974,50.2385693583441,-0.964234670929133,0.0161990302651508,-6.92674588925848e-05,-0.000840160575042062,-0.0447527207077117,-0.000714969871666142,-0.248856952911497,0.00687300850385423,-0.0117999737161968,0.00504900680502479,-0.0179677213199015,-0.00649230144980878,-0.00990220097986426,-0.05040067789972,-0.430240170889455,-0.0255470124249565,-0.0012712464090485,-0.0066368560120363,-0.0207506924156141,-0.00595142070526841,-0.00503857622899236,-0.0131262809686511,-0.00233121056590179,-0.129602349271996,-0.0101153113667739,-0.0129739262146168,-0.00562163276439684,-24.5938328968642,0.00535224338189365,-0.00731448885094007,-0.288054050699407,-0.0574136620801965,0.00744481020872752,-0.0298253284470878,-0.00504668565787703,0.0115485741030816,-0.408813675570689,-0.00832410166759176,-0.0152884638085225,-0.74713521767073,-0.0089996572305527,-0.00963943518360053,-0.0248350790074665,-0.561136408180992,-0.240351306943516,0.00571280978662063,-0.0171090709476526,-0.00551351473514566,-0.000143636839094502,-0.00757435889330909,-0.002302074169475,-0.000525817735258783,-0.00607576604870037,-0.28251320456085,-0.341185192071323,-0.020763879819731,-0.0727804820011486,-0.020741265624354,-0.0223086070857998,-0.0173471330324848,-0.529422656781535,-2.44732807490302,-0.0228315188798188,-0.075507804027263,-0.0336043838457248,-0.00661503685164292,-0.0172732028241913,-0.00101965603809376,-0.0494544772378173,-0.0656713570897095,-0.0149494877275399,-0.060159216446879,-0.0292465310468288,-0.00219839283937272,-0.0574136620801965,-0.0720503163827801,-0.0457533840193457,-0.000955743851490892,0.0131864129001225,-0.000455101919626927,-1.95006497867127,-0.0153760632564439,0.00838635960906507,0.00214719622120308,-0.0292991785991207,-0.00801120746450398,-0.00767927482242273,-0.0565746170283644,-0.0166672850595567,-0.00958890581368499,-0.0915088690946003,-0.529422656781535,-0.00160222486294748,-0.00810561812516376,0.00309614659730454,-0.0167781481230548,-0.0047695606021673,-0.027166064319258,-0.0487627971880433,-0.0169670955046817,-0.0340565426370806,-0.00796347378351019,-0.0136593220093385,0.00198928604313587
-0.0408056872129056,-0.574121090948341,1.15927039871634,-0.0729114948786364,-0.0382219758108542,-0.0182809770979277,-0.0294290177789714,-1.42187058825142,-1.35407813422724,-29.7168733986511,-0.0217279574834548,306.471885820893,-0.138110968911185,-0.0451214095051814,-0.0179967555124978,-0.0155294100849958,-0.0470588840234814,-0.0570073609208098,-0.0159575219763319,-0.193190468927169,-0.0586681715693011,-0.0729706919226716,-0.0153837868079591,-0.0490919341550912,19.8529677636404,-0.0479139618406799,-0.0221507168282932,-0.1215926015752,-0.493187576998493,-0.0417192424604427,-4.42438991913259,-0.0415266322535106,-0.0223815861384425,-0.293524270692051,-0.0240542077038782,-0.0725907772525163,-0.0424397683755361,-0.0213551978770277,-0.0137151288104027,-0.147703254290372,-0.03739121126643,-0.447589604068971,-0.125033557923317,-0.0592168229467672,-0.873876689940087,-34.5389622786553,-0.234911004609694,-0.0129833105178998,-0.0203501241273325,-0.0479652294125585,-0.156925033331149,-0.0244768090659959,-0.0216261308803491,-0.225121089277752,-0.0455306266452527,-1.56818696213619,-0.0197178124696699,-0.0490065091075374,-13.0495840205121,-6.22207463039347,-0.115225900512742,-0.377982150555528,-0.13864591602816,-0.293524270692051,-0.0235624918578887,-1.89448002922461,-0.03903638979838,-0.0365503910647932,-0.0511798174389537,-0.0735352360010808,-0.16618986747977,-0.0251450316717003,-0.346851947769851,-1.30551666683615,-0.1547311908548,-0.138671417379046,-0.0171097155427072,-0.0409536949442709,-0.0207514312828536,-0.0332243549187049,-0.0220153695720375,-0.0551837863541216,-4.17273615623802,-0.046962781283642,-0.0275975223075478,-0.0373120834986488,291.132221382841,-0.0146359763839194,-0.0446493452179415,-2.88558847659232,-0.39910460580235,-0.0167244832302351,-0.153771959056525,-0.0233473498484373,-0.0333619337578549,-2.61127397031025,-0.0310850535908005,-0.0434538664183646,-4.38253719410936,-0.0206711022744333,-0.141043102234198,-0.14380499017882,-3.43218102356614,-2.81802038182107,-0.144016750412222,-0.0495929878290979,-0.0304699774987393,-0.0758520204465686,-0.0176113730513266,-0.0405118277331148,-0.0192158802079472,-0.0143468272423787,-5.7515410801338,-2.35495142565547,-0.0433580124058843,-0.637874204237795,-0.0628889047692823,-0.147791255548421,-0.0287192315344173,-3.19859596352402,-24.6650927357007,-0.0685450386181293,-0.470873580796896,-0.177254871659935,-0.0379090052592433,-0.057626038981591,-0.0256100755448302,-0.145371796176446,-1.07344104515257,-0.0268553610320171,-0.489495793101518,-7.24425014489426,-0.018278640816422,-0.39910460580235,-0.286477466451089,-0.188882229064727,-0.0194219462721812,-0.178229607172815,-0.0316984483363516,-27.1555156655786,-0.197451136823706,-0.0387752733643851,-0.0184111487944179,-0.0882505141350242,-0.0218861463741379,-0.0255698807686387,-0.231204016836684,-0.0464984555097209,-0.0246110250269532,-0.711315127491415,-3.19859596352402,-0.0317960705490988,-0.176764199048429,-0.0181410810719882,-0.03906801717381,-0.0276391982277396,-0.0261960038512521,-0.297132191430748,-0.023089615909141,-0.415133923340072,-0.0334123969737213,-0.0217961183427278,-0.031888863090074
