"V1","V2","V3","V4","V5","V6","V7","V8","V9","V10","V11","V12","V13","V14","V15","V16","V17","V18","V19","V20","V21","V22","V23","V24","V25","V26","V27","V28","V29","V30","V31","V32","V33","V34","V35","V36","V37","V38","V39","V40","V41","V42","V43","V44","V45","V46","V47","V48","V49","V50","V51","V52","V53","V54","V55","V56","V57","V58","V59","V60","V61","V62","V63","V64","V65","V66","V67","V68","V69","V70","V71","V72","V73","V74","V75","V76","V77","V78","V79","V80","V81","V82","V83","V84","V85","V86","V87","V88","V89","V90","V91","V92","V93","V94","V95","V96","V97","V98","V99","V100","V101","V102","V103","V104","V105","V106","V107","V108","V109","V110","V111","V112","V113","V114","V115","V116","V117","V118","V119","V120","V121","V122","V123","V124","V125","V126","V127","V128","V129","V130","V131","V132","V133","V134","V135","V136","V137","V138","V139","V140","V141","V142","V143","V144","V145","V146","V147","V148","V149","V150","V151","V152","V153","V154","V155","V156","V157","V158","V159","V160","V161","V162","V163"
45.5775435288197,-0.0842640635179095,-0.145655574271266,-0.0193601941300845,-0.0197004747663695,-0.0029257538064182,-0.00255123204533619,-0.357613645620595,-3.62170328834989,-8.8311327389967,6.47676305452099e-05,-0.0196212909192373,-0.00341458474005975,-0.0177568000304605,-0.00960600180846502,-0.0116647037587143,-0.0149222197895951,-0.0131937511238804,-0.0029520551163207,-0.0216641875465148,-0.0228190315383857,0.0018968688197317,-0.00425220244119583,-0.0227616778916064,-1.00204878541017,-0.0109587786951688,-0.0109296682085119,-0.0237055565954858,-0.0862001509881775,-0.0123325352265719,-0.693679282817234,-0.00974566762238048,-0.00480032444171947,-0.0893262280256211,-0.00580749229851,-0.0249876625979734,-0.00256940531385613,-0.00771505423174186,-0.00448877336808139,-0.0301310803413136,0.000119960199290363,-0.0999530048793119,-0.0210505039009005,-0.0118940750222824,-0.173485743530876,20.7556025757792,-0.0494188297043837,-0.000992362597339598,-0.00225402409969872,-0.0153982141835349,-0.0312703892416534,-0.00460739207740229,-0.00820008194594362,-0.0186972617919864,-0.00621282394413005,-0.306568927320831,-0.00635884376796798,0.00458303166167981,-1.70640033706964,-3.67938368671996,-0.0447302636488261,-0.0772200154979494,-0.0131582399369756,-0.0893262280256211,-0.000238383414942572,-0.40401984384253,-0.0116402349750585,-0.0104740052623269,-0.0125918092978359,-0.0193894823477471,-0.0460131802466247,-0.00178470815707707,-0.0477321159537969,-3.61376755586776,-0.0195501030858164,-0.0127965374560208,-0.0047674826451779,0.00115782221238101,-0.0154259880723792,-0.00264623936569224,0.00163873671356353,-0.0260474462602222,-0.136112280382634,-0.00957507499280185,-0.00185809765691562,-0.00419762926935905,-3.35609093675434,-0.00594437323160284,-0.0101628859011326,-7.47170512041646,-0.0896980870488094,-0.00734587357464025,-0.0271612747673174,-0.00781482200601108,-0.0181954159050473,-0.560651935312478,-0.00215071043306146,0.0048112998612241,22.145173769464,-0.00217870361128822,-0.0617098157059054,-0.0344269126628544,-0.786766082460187,-0.579731071087794,-0.0448959355327422,0.00639742153385505,-0.00275693625477117,-0.00681395862813252,-0.00177980371700604,-0.0213735717652042,-0.0224241652454502,-0.00196927095821372,-3.418417841345,-0.525789043667699,-0.00373401820812638,-0.182019692526227,0.0134246347553153,-0.0143784390583345,0.00206564281203761,-0.579165245375909,-3.52950492272877,-0.00789243615909575,-0.129123679901317,-0.0378472972448334,-0.00161809289876151,-0.0134010267681848,0.0033849902170405,-0.0302841435961761,-0.196648433841959,0.00335561589843488,-0.104712268141221,-0.0334642917895246,-0.00973057631733314,-0.0896980870488094,-0.0428074121717953,-0.0210008378894465,0.000147070063462239,-0.0318632689309874,-0.00736137104681167,-2.77724185833238,-0.069423325315144,-0.0146271702893523,-0.00272338513451195,-0.0246032287454547,-0.00460173124107296,-0.0165202363020108,-0.0593014932584624,0.00401464955449952,-0.00515131689375034,-0.151109754640736,-0.579165245375909,-0.00959404391471328,-0.0229336127030602,-0.0033230295057237,0.00387696284631462,-0.000260022199767979,0.0118280223354348,-0.0530242024936668,0.00393159515224044,-0.0853515152959387,-0.00665081197964042,-0.000666739974793724,-0.00193898576647234
-0.0842640635179095,1057.58053355911,-1.17110673947718,-0.22578754745921,-0.134752271322097,-0.0360004799836427,-0.0865110601227939,-10.1672579380057,33.3711744258753,-46.006470856596,-0.066616004841221,-0.335943957417329,-0.401816133401046,-0.158536270587726,-0.035825803892607,-0.013881323238864,-0.125569313415763,-0.163783222775539,-0.045455358871303,-0.633595488396464,-0.140560947882952,-7.25599918293507,-0.0389694221889209,-0.221043607246334,-42.892860619683,-0.119464886087486,-0.0451077394939453,-0.325559515208919,-1.44999676249211,-0.0923957957321956,0.368524335170173,-0.117180138930655,-0.0449928479688051,-6.20867828426708,-0.060746634407045,-0.267774151495522,-0.192459634564474,-0.0366159423918136,-0.0457973560372841,-0.455783929918701,-0.130721308521745,-1.18744875921161,-0.367148236733143,-0.156010780659289,-2.58640538864829,-13.0176634219242,-0.7483196488393,-0.0356416696455637,-0.092600441077033,-0.158607065438707,-0.492293054323037,-0.0641957109799608,-0.11916450838351,-0.703305192399364,-0.0958079602340768,-4.56427814623066,-0.0820122181292192,-0.123838644180879,-13.6982530374246,-2.72425728246905,-0.276697842559706,-1.12073591551543,-0.394154837756113,-6.20867828426708,-0.0541895106862899,-12.5321844648847,-0.139321757737455,-0.10653521246487,-0.155024694170527,-0.204987128192842,-0.509899278179622,-0.0693115756570376,-0.929158350944075,33.5023196272175,-0.414924903027755,-0.400261271338634,-0.0600972680510713,-0.136713603917953,-0.105082644076147,-0.0947574786825379,-0.068684969651327,-0.17711705500288,20.4259183486702,-0.152577125398022,-0.165378045891417,-0.104678665003613,-82.5690306504754,-0.0305147121207447,-0.168924286998315,-14.8369939871916,-1.11685610294334,-0.023297097987775,-3.57335884038984,-3.18357655122333,-0.0885405981087777,1048.73487348062,0.772768218728787,-0.138909792449338,-24.0057654363201,-0.057713682619318,-0.454767974281929,-0.614166681593105,-14.5486789876869,-15.6181319494686,-0.331605339500372,-0.285592839146833,-0.0992155250615246,-0.22316205515019,-0.065092401375323,-0.141484419588861,-0.0782846288395767,-0.0525411872019676,-7.05988321666256,-11.0419547820408,-0.20145152020853,-8.89902768093137,-0.265231765124378,-0.463745874495517,-0.185387832417636,-16.9597653807865,49.4206686110535,-0.279412263555366,-1.5028286357655,-0.596878356560998,-0.107090771213765,-0.158599690732022,-0.125470680845151,-0.485740985224036,-3.60161321610424,-0.0831670076243475,-4.53573357739713,-0.704628613857448,-0.0384642798935368,-1.11685610294334,-4.09228667802229,0.364588625711392,-0.0453736410847055,-0.395560407884968,-0.0755666285445203,-33.2915182348118,-0.697452324584907,-0.124052013290335,-0.0371239802623795,-0.365740805925459,-0.122820813057257,-0.131972193363641,-0.766672673199912,-0.130387942807017,-0.0656289782025445,-2.33299916034013,-16.9597653807865,-0.0785304276763914,-0.465026758634941,-0.0348587134183481,-0.131211547517763,-0.090945805399135,-0.103419988457964,-0.864539742035074,-0.0777292302052449,-1.3010396319984,-0.0883085107090499,-0.0675101609199091,-0.0793351069088328
-0.145655574271266,-1.17110673947718,1023.57171575077,-0.232168386086063,-0.230662242543304,-0.028321323026934,-0.0282893016875804,-4.42778873687986,12.6595083149312,-0.767163841234517,-0.0192289657683422,0.627687597755442,-0.108663726831961,-0.219694341818383,-0.108362229349392,-0.113861029827996,-0.172674558172123,-0.182224710270977,-0.0323145052554578,-0.297334701606828,-0.226400701819131,-0.0293821241644672,-0.0422430339413102,-0.258038746694411,-22.3871172174687,-0.142592742665073,-0.123919154262911,-0.270997808600359,-1.09747428334311,-0.143842481879509,-9.29285202158501,-0.087311249358857,-0.0502380927577024,-1.09910581821593,-0.0761231749728188,-0.321408339725103,-0.0755402367617108,-0.0778932948530078,-0.0588244693727449,-0.364454605089291,-0.03953573821805,-1.19190201712285,-0.241424549009977,-0.151356155597867,-2.13386763661142,-38.4547343051694,-0.568467505980905,-0.00795880240521519,-0.0226391545511295,-0.172566251707667,-0.43166712234222,-0.0647365228505651,-0.117279501976522,-0.227043662000424,-0.0649047464046397,-3.85154868494695,-0.0626446515007197,0.040151054729977,-27.6388227388956,-23.7108429930273,-0.469493607633803,-4.00317429226477,-0.150406016569532,-1.09910581821593,-0.00352654117633066,-5.06457379198381,-0.114425630327718,-0.137771562380466,-0.127913559711249,-0.249057736355166,-0.559456571401167,-0.0353308471778186,-0.620626344983957,12.7531951165245,-0.25539168684031,-0.151410861732317,-0.066928852191174,-0.0238629136408253,-0.191693344072832,-0.0412520855287292,-0.00214569839491971,-0.30032734524855,-1.8096530324375,-0.127531337215575,-0.0627359635775939,-0.0601024892185511,-70.8135325942061,-0.0551537488916269,-0.127212817068739,-8.92719292623146,-8.07333328162369,-0.0702597922099372,-0.341415414017043,-0.0951688885490423,-0.167528989039409,-7.00483862334973,-0.0409458883535657,0.0258354491767972,-11.03480081286,-0.0383658941852582,-0.697265832807891,-0.45418766626407,-12.3588389629814,-6.98313883190729,1.47418691004786,0.0166081622518809,-0.0418830524918787,-0.0714305692529426,-0.0354367582821615,-0.233164347709278,-0.252238804075428,-0.0344838618016613,-6.72510504364922,-6.66503975521854,-0.0973944966684556,-2.18988915648713,0.106780096749463,-0.218163665029778,-0.0331540123878351,2.62576444306691,-23.6868325416818,-0.145316631780512,-4.72755649820837,-0.503632941055861,-0.0312482291627914,-0.179476237555762,0.0351492219877562,-3.30141802169294,-5.54009476543901,0.0142446388119535,-1.27434804412687,-0.451097821382322,-0.112168015349855,-8.07333328162369,-0.613626910552652,-0.29473967526113,0.000359392434669514,-0.331125069214132,-0.081051470984699,-67.8932897144016,601.056687003182,-0.136912089239588,-0.0268757285968709,114.09246977762,-0.0772842116920176,-0.209498401077798,-0.785683155982501,0.0191324238115487,-0.0725211399391739,-1.94475634197384,2.62576444306691,-0.110449043618557,-0.262945385849717,-0.0320907083708026,0.0128991755129043,-0.012430146395044,0.0897579745094064,-0.664064354562872,0.01745981991129,-6.74091223639897,-0.0836785902834956,-0.0287933841808685,-0.019257555856128
-0.0193601941300845,-0.22578754745921,-0.232168386086063,157.648713565052,-0.0287607991367064,-0.00656890970441374,-0.0110474295495107,-0.703520844989191,-1.23651526093246,-4.30467297320502,-0.00468823702401348,-0.0471783981469227,-0.0367491574329007,-0.0284879434643611,-0.0113739771812936,-0.0126609592721261,-0.0244395086684158,-0.023876108973672,-0.0071692304680237,-0.0771718345615911,-0.0361161745815834,-0.0215729345345638,-0.00804729073070686,-0.0409132679387719,-12.1387171966503,-0.0190630526311296,-0.013323650407364,-0.0522398358654988,-0.205404289966205,-0.0188967492191462,-1.8176226063629,-0.0223575337700084,-0.00891240903268684,-0.161059441531019,-0.0097765852092661,-0.0433906285431357,-0.0169455157710581,-0.0109354602031281,-0.00743837746897854,-0.0685838303452514,-0.00901921979330692,-0.195754124019323,-0.0543876033781007,-0.0237872097274518,0.492094265931952,-4.49986578648359,-0.115733902072535,-0.00483269409768856,-0.0116893987650632,-0.028833072333842,-0.0673942406170117,-0.00894362149329155,-0.0162029561811396,-0.086006310813111,-0.0154387423370855,0.204497784141315,-0.0145491707253662,-0.00791903885645378,-9.47002273374538,-2.73360683031108,-0.0681369944979733,-0.177293358562625,-0.0511027829592581,-0.161059441531019,-0.00571140461594288,-0.9021055586737,-0.0255409495776159,-0.0172672904599202,-0.0276285029620787,-0.0334170878970453,-0.085145767720818,-0.00695792475512524,-0.125416396776502,-1.21705334177149,-0.054797003401093,-0.0508965981237733,-0.00860512558564313,-0.00924058298386795,-0.0212774973834707,-0.0106911302469247,-0.00357404458356498,-0.0384208784466229,-0.344629433175651,-0.0213289166310757,-0.0140904975009411,-0.0128103167899663,-22.0320408792964,-0.00918998962085089,-0.0242423968635768,-1.27903839918403,-0.178414839190127,-0.00963681963596301,-0.06394125780619,-0.011169829525814,-0.0277663646910394,-1.20677904625026,-0.0109358509349733,-0.0074708463656823,0.175789689947567,-0.00622364769384906,-0.0962057593623664,-0.0839491075250274,-1.66579111687243,-1.30911886271961,-0.0722207579555245,-0.0184625156041943,-0.0113079312346153,-0.0291345705970547,-0.00649964157970214,-0.0325634907791283,-0.0260755860441294,-0.00568524268426083,-1.10934039197563,-1.13751375587839,-0.0178631043242146,-0.329175708128617,-0.0119263857840923,-0.0534433773923138,-0.0114444403269733,-1.38481993663515,-6.0642992700803,-0.0291448043669142,-0.243252373878583,-0.0837129393822713,-0.0109756305926987,-0.0240548343074727,-0.0099645968092068,-0.0648094341755933,-0.508976677427625,-0.00338200975864159,-0.2191911538988,-0.0917089300213992,-0.0114869742882584,-0.178414839190127,-0.119811692830569,-0.0719805633723139,-0.00444092706182913,-0.0694473332772579,-0.0139138655132094,-6.28539187681272,-0.123646469517473,-0.0275549216573478,-0.00643324819150623,-0.0497679426095672,-0.0136462230674208,-0.0243444987214314,-0.114083558906921,-0.00747092247444403,-0.00934768061680292,-0.336189092375565,-1.38481993663515,-0.0155465754242374,-0.0659960763600831,-0.00684465021086449,-0.00715988883052024,-0.0085985209666873,0.00344985208882307,-0.124705395645297,-0.00200435532409098,-0.196303166178094,-0.0135154229818182,-0.0052224933212463,-0.0100456847893541
-0.0197004747663695,-0.134752271322097,-0.230662242543304,-0.0287607991367064,137.399648440079,-0.00163737296426118,0.000864638690182156,-0.565917324318779,113.751143911152,-2.78134931659745,-0.00306628937380302,-0.0282292647706603,-0.0068700286062128,-0.0321873352446093,-0.0167270393973215,-0.0155106072844847,-0.0229937619906334,-0.0281110464255729,-0.00247308504530867,-0.021192620459032,-0.0242000616527808,0.00272513285089984,-0.00368079072779232,-0.0310674645766087,-1.42280996930377,-0.0211033879505489,-0.018981798104411,-0.0268783993349814,-0.122842382693495,-0.0201936165596689,-1.02695017793525,-0.00295175668485215,-0.00506279676568954,-0.14862382353266,-0.0115669328392381,-0.0470035428240457,-0.0100984509052727,-0.00942213123998975,-0.00901216830669201,-0.0390131932104308,-0.00668904313854477,-0.144465800509944,-0.0189754972968086,-0.019851089629476,-0.24068498590521,-9.08970975677912,-0.0527480575432554,0.00163193437283648,0.00273842619426407,-0.0196512505383371,-0.0596180638322207,-0.00977203635023976,-0.0178536950410938,0.00341114673200172,-0.00400964582904537,-0.45658159088518,-0.00372484412526759,0.0129399421746106,-2.70942644879782,-1.61319324143812,-0.0571769581428249,-0.0804211635909914,-0.000720000884806171,-0.14862382353266,0.00280918497947407,-0.589906658358568,-0.00744196579189066,-0.0212460873041242,-0.00934264702041067,-0.0365278320350097,-0.0730605691600244,-0.00474730063204404,-0.0645615807511017,113.759801645547,-0.0246151169607941,-0.00153696865616099,-0.010510636332346,-0.00271128998023321,-0.0304525965740209,-0.00331849179220213,-5.43878332723106e-05,-0.0425199172646143,-0.204920174411952,-0.0163582318764719,-0.008658128464461,-0.00626055932861186,-4.94414006952685,-0.00524913085826388,-0.013785833330552,-0.568187635804703,-0.135283941973041,-0.00824820205452766,-0.0378350446880018,-0.0145691396390421,-0.0158964755669915,-0.840287626895824,-0.00357323554737599,0.00794382758886637,-1.32219956606175,-0.00576383619060433,-0.092954439000077,-0.0527940178235358,-1.25243758668092,-0.748249953983501,-0.0599819594186247,0.0104927208093261,-0.00300627337776677,0.00336041282065342,-0.00507968950229686,-0.0300759018454194,-0.0391275492779837,-0.00511069572571197,-0.828489227993493,-0.814265355098851,-0.0151471350463449,-0.286666057038947,0.0272820474536456,-0.0191456869418627,-0.00513015092142888,-0.879671129094233,-10.18558731818,-0.0186222634993332,-0.21131712652576,-0.0648967745886012,-0.00106214955286825,-0.0269249023569594,0.0139171881729349,-0.0620456479610347,-0.225497912448329,0.00318665650316953,-0.150311439768864,-0.0478317444557654,-0.0177164228804448,-0.135283941973041,-0.0710170804447261,-0.0243942903111171,0.00281318192856455,-0.0262668767551432,-0.00885912404622872,-4.10804462542695,-0.105743668020916,-0.0101176162690801,-0.00147993448459257,-0.0519497706874762,-0.0106802457956465,-0.0329276036508035,-0.111577976943922,0.00666479656820577,-0.0113886094474617,-0.237205503159497,-0.879671129094233,-0.0147123418997981,-0.0163194279926242,-0.00223154730512553,0.00465784424081927,0.00190222647631257,0.0137240279899672,-0.0731743506192056,0.00271702356971666,-0.106328818193378,-0.0106639433620074,-0.00496341544771342,0.00241726213207859
-0.0029257538064182,-0.0360004799836427,-0.028321323026934,-0.00656890970441374,-0.00163737296426118,22.9884278278527,-0.00554985662397179,-0.0998098524250876,-0.261386315397676,-0.77074956166351,0.00118832618711739,-0.00940802570694849,-0.00665669826897861,-0.000603462187889067,9.32339706382928e-05,-0.0030404588550248,-0.00350132012549683,0.00192443855932778,-0.00269220927153575,-0.0231109793661895,-0.0128622932690782,-0.00495804210603623,-0.00328167987339596,-0.00900420282833602,-3.59522434433212,0.000175083550278307,-1.54575451233677e-05,-0.0154333408401728,-0.0417480994552853,-0.00175542881773142,-0.345659610402328,-0.0122980015749276,-0.00302105319588644,-0.0164717103318467,0.000438418836911734,-0.000376363652218759,0.000898971092521978,-0.00318089377409248,0.000416420528614185,-0.0166610059465631,0.00284315514735214,-0.0374411501530348,-0.0189784531222805,-0.0026756510687306,-0.0827746980726689,-0.87540807030398,-0.0360426316988322,-0.00319979969940442,-0.00673984537301952,-0.00732148232840896,-0.00284629783770455,0.000504231014048597,0.00116146045770164,-0.0397269742306784,-0.00659406152953196,-0.121947621985914,-0.00673708803203058,-0.0065667865227135,-0.55337142834562,-0.541532743162647,-0.0176940625107863,-0.0569439140428947,-0.0236232719523474,-0.0164717103318467,-0.00350862109783919,-0.172003277502247,-0.0116442587332399,0.00114613890163023,-0.011677665859976,-0.000196362106598325,-0.011460563996453,9.42660486725703e-05,-0.0281996886279001,-0.255534672100131,-0.0136193628616995,-0.022648465117762,0.000951188788570701,0.000964797004505501,0.00202519803452454,-0.00258836746692595,0.000812015245729206,-0.00346575200641472,-0.0626980920795569,-0.00237525299011986,0.00120083923161384,-0.00246571549311522,-1.52749005360392,-0.00405136151963544,-0.00542320115585119,-0.356411798824064,-0.0302081254727867,-0.00336837680365951,-0.013598999358458,0.000328339081939094,-0.0124407178225255,-0.213155059228647,-0.001985684483172,-0.00269595457974979,-2.66658438308471,0.000602671013931089,-0.0149043689702959,-0.0144506386301612,-0.240840267053754,-0.319902691545916,-0.0167772899030378,-0.00545081305952914,-0.00305527314397483,-0.0154863791477473,0.000438144957436979,-0.00649818692776917,0.000381427362755151,0.000460879804670872,-0.187379398372116,-0.182557495629913,0.003160660396945,-0.0452873137369528,-0.00915536952432863,-0.0122280219852783,0.00306194097631454,-0.242965421039612,-1.70968306873421,-0.000903503741423367,-0.0286582569864597,-0.00908631684389828,-0.00326689298965066,0.000841968555234158,-0.00887308355110543,0.000408132277769953,-0.143216040468541,0.00020317388558715,-0.0431289630496184,-0.0187943665344503,0.000651160290739803,-0.0302081254727867,-0.0176162609053339,-0.0190315203733593,-0.00285533983653498,-0.0275794971434721,-0.00390985019814345,-4.29221429941447,-0.0193983707989125,-0.0130680573100913,-0.00301275244477376,0.00207603792529098,9.87917284809373e-05,0.00204271179279764,-0.0033685444369777,-0.00255324071872029,0.00103916062418134,-0.0522828844224921,-0.242965421039612,-0.00226432621830641,-0.0252848346693483,-0.00314776845628903,-0.00118951976570285,-0.00353340293324968,0.00239816799579906,-0.0270092023352895,0.00140037875851064,-0.0506232511812108,-0.00185427806083157,0.00171296896326763,-0.00583937005725348
-0.00255123204533619,-0.0865110601227939,-0.0282893016875804,-0.0110474295495107,0.000864638690182156,-0.00554985662397179,38.3677736512748,-0.174526782958358,-0.554138257306967,-1.59524336298502,-5.14626698417519e-05,-0.0195820233717011,-0.0234889232851299,0.00114328453770282,0.0029834684289529,-0.00106669163067898,-0.00415285904203115,0.00361220539863858,-0.00506779165127776,-0.052889198135897,-0.0181311291750121,-0.0185785743163757,-0.00537579969121497,-0.0138473358924864,-0.927009783287645,0.000987286150896772,0.00303656539218132,-0.0283451593269187,-0.0859380656228717,-0.00102636521598855,-0.77587543377412,-0.0217738659616708,-0.00487700247069387,-0.0236387456673234,0.00122485940598291,0.00101187510085426,-0.00354579910544531,-0.00368669542808863,0.00112292109808952,-0.0320925790380838,0.000817431697402103,-0.0640538573062196,-0.0371348436951379,-0.00491082674565471,-0.160003162750328,-1.8538320741765,-0.0682678301798533,-0.00647029077856754,-0.0141271400296568,-0.0118634031223557,-0.00806557206820993,0.000734766722295187,0.00162181096956193,-0.0861199568652684,-0.0123319665235701,-0.238990266369034,-0.0120819047403001,-0.0176551233726202,-1.11369497408794,-7.548996324323,-0.0221161996339643,-0.106222913709244,-0.0495890762844204,-0.0236387456673234,-0.00793444542797087,-0.338820425366508,-0.0205349398243845,0.00294316898130233,-0.0207084461114153,0.00104681842298058,-0.0179591105134386,-0.0013323344739734,-0.0607657362393454,-0.542706622198077,-0.0297037697154418,-0.0481906196688656,0.00173369775602004,-0.00316875699823625,0.0066127287443116,-0.00660133707015882,-0.00144325879350837,-0.00115210536840472,-0.138846509672887,-0.00522140726715631,-0.00242456713642231,-0.00606046232101493,-5.85026536595134,-0.00578068217270939,-0.0109637656443454,-0.728639964889939,-0.0530647757875999,-0.00374478374645028,-0.0274824865256632,0.00204460561225162,-0.0176083353055699,-0.409621370998678,-0.00610523025249179,-0.0113057723726689,-0.665848953865596,0.000115693984533321,-0.0158501522966943,-0.0314750567831877,-0.467821497472537,-0.612045946770783,-0.0221802424273761,-0.0216338889336134,-0.00753557710758294,-0.0321198208547109,-0.000582325201489425,-0.00736400964577764,0.00743059179856505,-5.77035042797913e-05,-0.336942508615503,-0.358131358364728,0.000695042602309477,-0.0677871578196406,-0.03051624692793,-0.0309295322289326,-0.00136205453413663,-3.15161341169131,-9.83704226502762,-0.00738041055873355,-0.0464499077151138,-0.0198965970441558,-0.00864008035314727,0.00192727105076885,-0.0213416492514281,-0.00243482265320969,-0.291442492042127,-0.00371159192647968,-0.0793670378309722,-0.0425735929286234,0.00394872524665485,-0.0530647757875999,-0.0449691043806104,-0.0445697417151018,-0.00663936624385516,-0.0489797274807831,-0.00639671605119661,-2.33337432953178,-0.0285467021224204,-0.0213551735331449,-0.00546713990255672,0.00207855287306407,-0.00188769855235055,0.00622798104246877,-0.00626923184910015,-0.0104453212800076,0.00187127633537486,-0.106476986764488,-3.15161341169131,-0.00262248866782367,-0.0508098508037023,-0.00538761857900514,-0.00797322322138639,-0.00915746486566632,-0.0039409155006508,-0.0543569607542015,-0.00163058401665389,-0.0973673206197705,-0.00342186192604974,0.00116165133914855,-0.0122165652000118
-0.357613645620595,-10.1672579380057,-4.42778873687986,-0.703520844989191,-0.565917324318779,-0.0998098524250876,-0.174526782958358,3010.22775475105,-34.856097262456,31.9891340627275,-0.126104548835481,-0.895785886497169,-0.759487425200014,-0.581855668140977,-0.225534560881386,-0.205084565682923,-0.46103591329064,-0.527362968674927,-0.119533165837183,-1.4094327451234,-0.576067412513735,-0.449296481171726,-0.126555423381545,-0.740054886029494,-67.66025973812,-0.401133006363529,-0.263980785800503,-0.916644093666224,-10.2904427446524,-0.365544928818901,-27.1781803426076,-0.318683744858273,-0.147880216729429,-3.16584774970738,-0.209507242050949,-0.902586908943613,-0.398342178256717,-0.180290214313799,-0.160185472561288,-4.12605944233102,-0.249956993945676,-3.65542955502853,-0.931936205789071,-7.45016873712703,15.3779345910394,-87.9462800511556,-9.00007675966388,-0.0666720570045755,-0.175161764630981,-0.511479247931319,-1.40550198025759,-0.196162867762722,-0.359322306135416,-1.40999439508002,-0.247505036769758,7.10274889980127,-0.224074112319054,-0.119358801256288,-94.2373936080731,-68.6262431236396,-0.20810909338125,-5.62767132089135,22.1631347347806,-3.16584774970738,-0.0865693732922734,-17.1045951317774,-0.393654736450046,-0.373988397458597,-0.437991570546774,-0.695714379312003,-1.64258715832264,-0.156673383880537,-8.76302988675376,-31.3833666168341,-1.01920598232902,-0.83809881675037,-0.193422405539384,-0.234895742956624,-0.457748011225658,-0.204962017473208,-0.101965366188129,-0.740265010698389,-5.7762588902292,-0.426714758345706,-0.338471937781083,-0.249438811365828,-228.162695530685,-0.135659573926671,-0.452136517545833,-58.9345281623497,-3.38975453683511,-0.148958858106881,-1.20030145917421,-0.231827510363245,-0.406181099922692,-28.7337240017957,-0.220895788386133,-0.161119203608766,-61.0459970264851,-0.14441294816655,-1.78679398207658,-8.03072085284131,80.4687652385205,-30.0013496047422,-1.27366941439954,-0.389770391981255,-0.212767487963418,-0.448624849093689,-0.150489513545075,-0.58337607428974,-0.517485339619677,-0.130825672495579,-37.3811760956346,1.0414664976245,-0.444658340528241,117.076905160344,-0.21851740576405,-1.02886987056499,-0.31845765671404,-30.0783076478527,-141.00673068046,-0.637209703352848,109.684389897313,-1.67673659302685,-0.207231287395845,-0.516299871319434,-0.131509024976655,-1.39230547550244,-11.7412157135595,-0.0970342574846562,18.8823510694443,-1.75540702461225,-0.235022732186662,-3.38975453683511,-2.38926344248936,-1.34452784551656,-0.0671073085762515,-1.12348664924878,-0.242141052139038,-140.169777688958,-2.33723402229509,-0.40878952933689,-0.0990250000037201,-1.08651510567083,-0.301232780011933,-0.525121169486889,-2.3700621908829,-0.159465377501157,-0.21031395584984,9.09052937333013,-30.0783076478527,-0.292333186503731,-1.11258984694311,-0.104227313178704,-0.169611619125384,-0.153932806985513,-0.00340739118842068,-2.33428515561447,-0.083107811688072,-3.55871841705246,-0.263173741596996,-0.142341441843136,-0.149896888263944
-3.62170328834989,33.3711744258753,12.6595083149312,-1.23651526093246,113.751143911152,-0.261386315397676,-0.554138257306967,-34.856097262456,5798.82608687277,-2.17947882947453,-0.25085093279292,-0.922687303119722,-1.95434546915435,-0.755447924049827,-0.179700000475682,-0.188292271855814,-0.694930360801139,-0.686293969278942,-0.288840675017935,-3.52124296577052,-1.0738803899556,-16.9147676174182,-0.282894493133384,-1.30161171434057,-116.243985028816,-0.542679591282657,-0.227032249739676,-4.8268544945783,-26.518616553868,-0.489690906034172,-55.5614777866682,-4.04612192630029,-0.30240652365422,-4.93213532305932,-0.265750125224303,-1.24153927540938,-0.811557184867686,-0.279568851918923,-0.197996241063293,-2.57611432744756,-0.476354362974805,-8.19226011519127,-2.23882630273692,-0.792116596587654,28.087114996083,-51.121896831907,-4.49980738823544,-0.256556566522516,-0.61664741404751,-0.95804786713579,-2.30727462165338,-3.40375218817644,-0.502724115183635,-4.33125339587389,-0.637395339145668,8.88857605641834,-0.582620219393551,-0.726605777512952,-176.203428445911,-145.330009090015,-1.87606737521079,-6.84072721343088,-2.47740025456808,-4.93213532305932,-0.344188322724164,-65.0778642465419,-3.63211340434663,-0.455154419683537,-1.07004995905262,-0.948322771825109,-5.56455833979159,-0.301891773725492,-5.03271638065774,5738.22712506175,-1.31599787902818,-2.47241862880074,-0.243983310083657,-0.557732959584238,-0.435795192506855,-0.497891527326529,-0.266969605370348,-0.948782730104622,-38.1373759053022,-0.76123288279478,-0.683019047120924,-0.541443941307771,-348.669610719465,-0.275175639857172,-0.928473786695571,-62.4924111568103,34.9976216932073,-0.226753518682555,-5.29510764323028,-0.2500221709277,-0.822506912943306,-11.4633047611454,15.6257091848355,-7.07489528599822,-63.1708060019876,-0.237058960031461,-2.60812039936745,-2.24622666727885,51.4242422786204,-57.561456497223,-2.08541147601688,-1.38600650269285,-0.532018065397051,-10.2222104033716,-0.272932305748119,-0.875623837253556,-0.391274694986385,-0.218504121587847,-76.8115578343759,-38.9838354112687,-0.783399370999778,-1.70076328846546,-1.39300891577787,135.005964688432,-0.700292007962342,-68.1804620940302,81.1161352341074,-1.25896257335864,-7.76207003226857,-8.21875194431317,-0.569369992117616,-0.698171503748282,-0.808899981741588,-2.17480845240614,-23.4673091958747,-0.343583274848671,-10.5988422052248,-3.72804354763339,-0.174101846005615,34.9976216932073,-4.83840069138178,-3.21978702980623,-0.28462682747095,-2.6605590811494,-0.469646283708804,-158.868639800924,-3.81952148803831,-0.985280532710585,-0.262136058766895,-1.58767346296064,-0.541230190499782,-0.55466677451136,-6.22443297321491,-0.631641624358552,-0.266269350929863,-40.9601308543691,-68.1804620940302,-0.437683391092699,-2.86373313054588,-0.25827355618404,-0.593154348780142,-0.503943228419973,-0.338397035522414,32.7424552693235,-0.281148539761423,-14.4270542272278,-0.458709432538962,-0.24049729845987,-0.530357262302971
-8.8311327389967,-46.006470856596,-0.767163841234517,-4.30467297320502,-2.78134931659745,-0.77074956166351,-1.59524336298502,31.9891340627275,-2.17947882947453,18678.8044482705,22.0787922375681,-18.0123613746828,13.101382382857,-3.00717538355754,22.1079481363815,-0.780367689146846,20.4451570897932,-2.79858249482069,-0.890106656786479,1.01110504645378,-9.87832424613606,-4.14938198134086,-0.871392702473251,-4.47208102839073,-90.831587604522,-2.14593307603673,-1.0737352346635,-6.30548355533156,-24.5249186079619,-1.88967278179031,-15.343874179062,-2.60976956064141,-0.968451235196372,-25.3222931614106,-1.08495794522816,-7.73024733378336,111.588593755618,-0.965357905911116,-0.818443168632707,-11.6238351082784,-4.63964533389547,-7.84910704150868,-13.9420768581092,-2.83643518828713,-42.8400525016757,-342.482200300738,-20.0420408680311,-3.56529435048136,-1.72410974257895,19.3884336260562,11.6540951556243,21.5128348393593,-17.5657746682997,163.341178073818,-1.03659397204117,-95.6728254170983,-1.72737592282766,-1.90838346909044,-268.45125882126,-86.7157015010155,-12.2170345484493,-33.4309069625491,-6.37518753099491,-25.3222931614106,-4.07721244227713,-4.28653753451479,-2.97520331415446,-1.89738428014256,-3.24102200577208,-1.7646242820223,-22.3597897021961,-1.07033466980047,-18.8945516485613,0.28289162283123,-16.6394655843132,-14.2667770826351,-1.01339111478414,-1.8982229080078,-2.0275071107952,-9.70618758013017,-0.898956006676572,-3.71887723031977,-66.2499727949491,-5.5552841527547,110.068464591587,-1.78760468907748,-1005.69808303195,-0.846953361954076,109.410574582187,-62.4627597308931,-29.0491559422188,-0.766058599924902,-10.7218930771728,-1.08282761678721,-2.52361278393891,-130.772820271982,36.6652863126369,-1.94977982237665,-114.83768549598,-0.894904653445819,-9.61244203585357,-9.90418154003591,-274.934507499445,-51.6490560342923,-8.42974601026243,-4.13838866521581,-1.67885244079204,-4.17494476497899,-3.62765988611577,109.333041200095,112.463613912335,-0.817982305191772,-63.996828180789,-178.063383063499,16.9334450083503,1192.79358817779,-3.73529819165083,8.41149011477617,-2.4786794206506,-78.0089320202002,-739.41937191855,-3.43914088023971,78.2253013318419,-17.4887080141416,-1.75880875246544,-2.77843041094857,-2.07840301261326,-9.22532031920247,-98.0350958233666,-1.07000329187046,-31.8168304591827,-15.8448274671966,-0.902366020854395,-29.0491559422188,24.4961916035998,-10.2508714196229,-3.12884059729827,10.8615184554401,-3.70644832643114,-357.317900524088,6.4947412727112,-2.92988327671467,-0.774380905682081,-6.1602693354391,-1.95469446533533,-0.321012597878057,-24.7673814974669,-1.85034397247604,-1.10454688252896,-71.4242760379398,-78.0089320202002,-1.60577221897299,-17.4642415513574,-0.770327942973782,-4.44189569673355,-1.48408402576685,-0.944138173281077,-20.7742235407357,-7.89690017164619,82.649849285061,-8.02147741286714,-0.930877796865107,-1.48025904391287
6.47676305452099e-05,-0.066616004841221,-0.0192289657683422,-0.00468823702401348,-0.00306628937380302,0.00118832618711739,-5.14626698417519e-05,-0.126104548835481,-0.25085093279292,22.0787922375681,22.9858556595561,-0.0094639019278493,-0.0203583630068239,-0.00612724254897883,-0.000298592964326435,0.00465690096666925,-0.00178278863999904,-0.009949768062775,0.000136162787973425,-0.0163301900411187,0.00792035956820162,-0.0146042154126925,0.0014423855600188,-0.00125882885066427,-0.394329983590828,-0.00577974346680144,-0.000521460266718289,-0.00208133079227159,-0.0394121569047181,-0.00177582118448617,-0.449607694983619,0.00593541087035048,0.000910886020869504,-0.0293530204388975,-0.00321584152481532,-0.0121262108786788,-0.013413882230382,0.00231493836704242,-0.00248024106392406,-0.00832187815925537,-0.0116652901502771,-0.022343080495553,-0.00217827683932389,-0.0053540748948454,-0.0578146367453717,-0.95916525122866,-0.00542671794900605,0.000832196268444208,0.000592642572120546,-0.000303971201526396,-0.0236680480490069,-0.00379394092080633,-0.00733881004337879,-0.006013323334799,0.00115786542451148,-0.124835008146036,0.00227097965653786,-0.00330153986651987,22.1607583345273,-0.573693229293268,0.00830751626109277,-0.0045658594268104,-0.00145511209667114,-0.0293530204388975,-0.000318603194419771,-0.161507662007961,0.00424251673510898,-0.00593060005499008,0.00342239100973453,-0.00930917814312581,-0.013256534730749,-0.00441259553581764,-0.0256307769235662,-0.249289445786234,-0.0108826451891126,-0.00288243257255785,-0.00390072154834546,-0.0105336930882735,-0.00551135628489699,-0.00340475453144809,-0.00584930248557062,-0.00274743547862668,-0.0841680444009509,-0.00594513621284816,-0.0120145984167148,-0.0038378738505432,-14.9619154955532,0.00314570800599993,-0.00403215853089324,-0.16893705179843,-0.0267740261986436,0.00331753883392326,-0.0111675011828851,-0.00224889220587422,0.00999908088776605,-0.216954374208854,-0.00489237715667106,-0.00806015643016084,-0.459325533233245,-0.00401040611073992,-0.00255796997920994,-0.0202482777553207,-0.354178158150655,-0.151762896707547,0.00372146814624304,-0.0158439791716642,-0.0032404930430171,0.00103240010246286,-0.00445172607277515,0.00147824238156218,-0.000486937325298154,-0.00357094857955379,-0.177090987609446,-0.23058186654456,-0.0159044017441678,-0.0457806445717755,-0.0125730430491295,-0.016747404277941,-0.0160644382909908,-0.316672119241758,-1.43040046219839,-0.016407035537101,-0.045444778435795,-0.0233615748980153,-0.00384356104204154,-0.00851933984316753,-0.000944259865383584,-0.0265396862129858,-0.0644473573539375,-0.00666175559791571,-0.0308546285896745,-0.0225341701094306,-0.000979642652045178,-0.0267740261986436,-0.0391875973198305,-0.0176287411235516,-0.000425896329619493,0.00656559265923819,0.000261286965437045,-1.20813370506475,-0.0130866834569148,0.00733468332532437,0.000956828535339245,-0.0212425832389159,-0.00741883674431456,-0.00711144811499051,-0.0353978707241649,-0.00742723640911063,-0.0042729856799375,-0.0746531017826905,-0.316672119241758,-0.000983079851696364,-0.00244452119269149,0.00137969757241589,-0.00874614631020113,-0.00280324415405406,-0.0121056777563486,-0.0211089258403157,-0.00756083723527417,-0.0209991220663194,-0.00272712590166753,-0.00608683498176174,0.000571315894086101
-0.0196212909192373,-0.335943957417329,0.627687597755442,-0.0471783981469227,-0.0282292647706603,-0.00940802570694849,-0.0195820233717011,-0.895785886497169,-0.922687303119722,-18.0123613746828,-0.0094639019278493,152.877346602075,-0.0709381141077556,-0.0305257268590913,-0.00818980714119937,-0.00816526215775196,-0.0272146327318212,-0.0277858005466924,-0.0105147578046711,-0.127943860890369,-0.0404084178337333,-0.0479370676279811,-0.0103810786356203,-0.0495998140008794,16.1637350604586,-0.0217666033776262,-0.0101215150981508,-0.0724261072176268,-0.292313919140747,-0.0196269674911326,-2.69050519549309,-0.032652897240384,-0.0112436806091399,-0.192254401523243,-0.0108070745499113,-0.0496162706546484,-0.0304355043115705,-0.0108451975137255,-0.00809753975209422,-0.0959844959427224,-0.0180985337602891,-0.250302243013284,-0.081609626744556,-0.0304703666352797,-0.534426422955752,-21.9990556529088,-0.165639405610197,-0.00889939937692139,-0.0215739371387895,-0.0361371274587828,-0.08927092641357,-0.0109711445273588,-0.0200613221060212,-0.153641867391924,-0.0230132648680509,-0.920833528549841,-0.0209933738699173,-0.0245372353183445,-7.91886908284208,-3.93559737600567,-0.0724169783823765,-0.251686594123115,-0.0880879558542097,-0.192254401523243,-0.0119301018528614,-1.24194035381223,-0.0360737975615436,-0.0186806946833948,-0.0388557251016661,-0.037967396953519,-0.104028858925335,-0.0114050742663734,-0.186639196085467,-0.894285052640651,-0.0838233811721308,-0.088056188704397,-0.00994823986047216,-0.0205146120738053,-0.0189662845430705,-0.0181693865066669,-0.00971842944911705,-0.0383646098444856,-3.13618156869922,-0.0290221716659422,-0.0256611935158359,-0.0200492245982437,143.187189025265,-0.0102073024864951,-0.0346062421526891,-1.90822879324453,-0.229614861843032,-0.00880373538358034,-0.0905923224816516,-0.0105326453530436,-0.0305081718386579,-1.62674830850836,-0.019335528445413,-0.0232780479963587,-2.74133508313483,-0.00919653357993086,-0.102688187618815,-0.120253165723381,-2.21570887840481,-1.82529303400226,-0.0803346057478905,-0.0487134421551841,-0.0193407863620967,-0.0516619082673982,-0.0104142626417031,-0.0342600692908631,-0.0181166969946225,-0.00844995937693102,-4.07672930648398,-1.53425212445463,-0.030078506063741,-0.395891522029416,-0.0470259577089983,-0.0888976816036224,-0.0260576419678703,-1.96690191745659,-17.2615322598142,-0.0473555988913828,-0.300107321703006,-0.113448139016884,-0.0204820499429609,-0.0280225738251172,-0.0272591974969941,-0.0849443166980483,-0.758049604195461,-0.0121225377524326,-0.2917655194479,-3.26699722847332,-0.00812474555377969,-0.229614861843032,-0.180978518349456,-0.117637909867637,-0.00981943644444986,-0.0970149087205633,-0.0176151606183191,-19.4088503056519,-0.147492373264984,-0.035772601180542,-0.00942700628627446,-0.0628021357434115,-0.0206604236415155,-0.0235167002086321,-0.140890831580704,-0.0220059410584296,-0.0108487520651666,-0.459846905835896,-1.96690191745659,-0.0171595653969667,-0.1035201008052,-0.00935371273051613,-0.0209082364797951,-0.0177988734047745,-0.0110240678311808,-0.176691249104689,-0.00999254969669335,-0.276655447791614,-0.0175407988242882,-0.00931586435417559,-0.0185458619117551
